0.2617  0.4399   32.13
0.2274  0.3434   31.10
0.2269  0.3929   21.49
0.2132  0.3357   20.41
0.3158  0.5299   30.65
0.2919  0.4462   40.77
0.2398  0.3721   26.79
0.2342  0.2940   29.36
0.2197  0.2846   18.52
0.2046  0.2381   17.86
0.3636  0.4833   59.83
0.3701  0.5093   43.07
0.3185  0.4157   59.06
0.3211  0.4322   41.71
0.3217  0.4526   31.47
0.2790  0.3488   54.89
0.2780  0.3543   38.53
0.2710  0.3585   28.47
0.2212  0.2879    8.27
0.2027  0.2234    7.29
0.2290  0.2450   32.65
0.2162  0.2296   23.22
0.1896  0.1783    6.64
0.2895  0.4284    6.36
0.2836  0.3262   64.00
0.2777  0.3285   32.42
0.2719  0.3343   21.37
0.2719  0.2998   62.89
0.2601  0.2937   31.44
0.2528  0.2853   21.12
0.2422  0.2562   28.71
0.2311  0.2404   19.05
0.3626  0.4335   60.35
0.3735  0.4530   42.65
0.3869  0.4765   30.93
0.3201  0.3730   58.88
0.3244  0.3817   40.31
0.3266  0.3911   30.30
0.4130  0.4940   60.92
0.2156  0.1777    7.05
0.3032  0.3211   63.59
0.3037  0.3210   45.65
0.3044  0.3233   31.65
0.3038  0.3230   22.13
0.3050  0.3237   26.95
0.2978  0.3179    6.14
0.2894  0.2961   60.42
0.2858  0.2876   30.63
0.2812  0.2789   20.25
0.2748  0.2610    6.56
0.2639  0.2521   29.23
0.2599  0.2431   19.29
0.4412  0.4726   57.34
0.4284  0.4677   41.77
0.3893  0.4218   58.33
0.4023  0.4358   41.48
0.4202  0.4538   29.73
0.3644  0.3927   57.81
0.3728  0.4013   40.97
0.3888  0.4171   29.25
0.3435  0.3602   55.79
0.3482  0.3612   39.52
0.3608  0.3722   28.75
0.3124  0.2808   30.59
0.3140  0.2726   20.81
0.3243  0.2524    6.23
0.2883  0.2547   28.27
0.2869  0.2099    5.79
0.4675  0.4565   57.32
0.4640  0.4444   39.63
0.4042  0.3874   39.94
0.4258  0.3966   28.44
0.3480  0.3245   54.33
0.3656  0.3282   28.03
0.4622  0.3460    6.68
0.3457  0.3112   57.88
0.3602  0.3064   32.04
0.3755  0.3002   21.76
0.4157  0.2928    6.34
0.3380  0.2736   30.37
0.3462  0.2648   20.38
0.3731  0.2452    5.74
0.4590  0.4229   53.37
0.4362  0.3967   53.48
0.4635  0.4004   37.78
0.4879  0.4127   26.71
0.3904  0.3442   53.07
0.4135  0.3440   35.70
0.4273  0.3505   26.79
0.4695  0.3617   20.99
0.4933  0.3216    6.60
0.3733  0.2610   19.66
0.4212  0.3045   24.71
0.4896  0.2952    8.28
0.3981  0.2800   24.76
0.5274  0.3988   29.35
0.5042  0.3722   29.02
0.5399  0.3617   17.82
0.4717  0.3409   28.31
0.5048  0.3456   19.64
0.5223  0.3223   13.99
0.5757  0.3492   18.54
0.5485  0.3294   17.22
0.5021  0.3068   18.12
0.4523  0.2787   17.98
