   0.298400   0.458300   32.24667
   0.254400   0.380600   31.40667
   0.248600   0.435900   21.56667
   0.237600   0.375100   20.53000
   0.343800   0.532100   31.84000
   0.328200   0.475300   40.79333
   0.273200   0.406100   27.20667
   0.268900   0.336900   30.17000
   0.249900   0.331600   18.97667
   0.234800   0.281500   18.22667
   0.398000   0.486600   61.75000
   0.401700   0.515700   44.42667
   0.359100   0.444200   60.55333
   0.359100   0.463000   43.55333
   0.356600   0.471800   31.93000
   0.318000   0.384100   55.42334
   0.318100   0.391300   39.43000
   0.308700   0.396100   29.03000
   0.253000   0.331900   9.030000
   0.226700   0.260200   7.913333
   0.266500   0.290900   33.01667
   0.240800   0.272000   23.13333
   0.210700   0.214100   7.043333
   0.321000   0.445100   7.226667
   0.326900   0.366600   64.26000
   0.317800   0.364300   33.28333
   0.313600   0.366200   22.00667
   0.315200   0.341900   63.51333
   0.305700   0.340000   32.19000
   0.290900   0.328900   21.63667
   0.283100   0.303800   29.24667
   0.264100   0.281000   19.48333
   0.398000   0.448400   63.72000
   0.406300   0.458000   45.22333
   0.413500   0.472900   32.99667
   0.364800   0.404500   61.87667
   0.366100   0.410900   42.36000
   0.361900   0.412900   32.34333
   0.444800   0.492900   66.18000
   0.244300   0.227000   8.040000
   0.350700   0.361300   64.60000
   0.348200   0.361900   47.05333
   0.352100   0.360100   33.54333
   0.347600   0.360000   23.30667
   0.351000   0.359800   28.17333
   0.349700   0.358700   7.113333
   0.330100   0.331400   62.56000
   0.328300   0.324300   31.52333
   0.328600   0.324600   20.87667
   0.323300   0.303000   7.483334
   0.307000   0.298700   29.92000
   0.302300   0.288200   20.13667
   0.469900   0.470400   61.09666
   0.454900   0.465000   44.85333
   0.431300   0.439500   61.72667
   0.433100   0.442400   43.55000
   0.454600   0.457900   32.01333
   0.408500   0.420300   61.32000
   0.415300   0.427800   43.53334
   0.425200   0.433500   32.04333
   0.386600   0.384400   58.61667
   0.395600   0.396300   41.54333
   0.408600   0.405700   31.29667
   0.364200   0.319900   32.19667
   0.366200   0.313300   21.95333
   0.375500   0.285700   7.290000
   0.325400   0.294800   29.16667
   0.336900   0.258100   6.700000
   0.496700   0.457200   62.69333
   0.492100   0.450600   43.22667
   0.439000   0.403100   42.77333
   0.459800   0.407900   30.81667
   0.399600   0.359900   57.11000
   0.414600   0.362100   29.79000
   0.483100   0.357200   8.010000
   0.394100   0.347100   61.23333
   0.412600   0.344000   34.56334
   0.424900   0.330900   23.43667
   0.470800   0.325300   7.360000
   0.389400   0.311300   32.64667
   0.397300   0.300700   22.00000
   0.437600   0.273700   6.773333
   0.491000   0.430200   59.63333
   0.475600   0.410400   59.17000
   0.499400   0.412700   42.29000
   0.512700   0.414500   30.30000
   0.437300   0.371500   58.52000
   0.460400   0.369100   39.84667
   0.470900   0.371600   29.96000
   0.509900   0.381600   24.54667
   0.528500   0.346100   8.396667
   0.430000   0.298400   21.61333
   0.474700   0.336600   28.78333
   0.525000   0.317200  10.106667
   0.444800   0.313000   28.16000
   0.545000   0.402900   35.66000
   0.538000   0.384700   34.21667
   0.565700   0.371000   21.87000
   0.508500   0.360700   33.71000
   0.548800   0.368700   23.39000
   0.553100   0.342900   17.23333
   0.595800   0.360100   22.60333
   0.574300   0.345600   21.60000
   0.548200   0.332300   21.99000
   0.503800   0.311300   21.25667
