   0.310176   0.459880   35.13000
   0.276028   0.390310   34.43000
   0.281402   0.426714   24.70000
   0.266357   0.385490   23.58000
   0.356064   0.509482   34.62000
   0.338556   0.461989   44.51000
   0.290242   0.411066   30.06000
   0.283656   0.350380   33.24000
   0.273506   0.343900   22.28000
   0.254309   0.303834   21.26000
   0.401423   0.478917   64.06000
   0.404232   0.491836   47.64000
   0.364681   0.438800   62.90000
   0.365790   0.448669   46.20000
   0.365108   0.459931   35.30000
   0.327907   0.391432   58.33000
   0.328034   0.394982   41.71000
   0.322299   0.398866   31.79000
   0.290853   0.352276   11.82000
   0.271621   0.307415   11.01000
   0.276509   0.305140   35.99000
   0.264640   0.294434   26.93000
   0.255510   0.268098   10.68000
   0.345496   0.421637   10.58000
   0.333611   0.371870   68.77000
   0.328668   0.374459   36.66000
   0.326133   0.380350   25.31000
   0.322427   0.348587   66.25000
   0.311741   0.347403   35.20000
   0.306481   0.343150   24.97000
   0.291068   0.315147   32.16000
   0.283077   0.305689   22.58000
   0.404097   0.445640   64.83000
   0.410173   0.453967   46.32000
   0.418225   0.464958   34.68000
   0.368629   0.405750   61.74000
   0.371280   0.410007   43.88000
   0.373652   0.415995   34.02000
   0.442698   0.478426   64.89000
   0.280276   0.266621   10.89000
   0.354026   0.364654   67.70000
   0.355229   0.365495   51.15000
   0.356552   0.368363   36.90000
   0.355938   0.366728   27.13000
   0.357349   0.368385   32.61000
   0.355952   0.368043   10.82000
   0.339130   0.343992   67.76000
   0.338695   0.339556   36.29000
   0.336580   0.335483   25.78000
   0.338130   0.331505   10.63000
   0.315827   0.309040   32.58000
   0.316005   0.306248   23.29000
   0.468003   0.458511   63.04000
   0.454307   0.455772   48.20000
   0.427914   0.430400   64.27000
   0.436227   0.437449   46.92000
   0.446275   0.443953   34.72000
   0.408794   0.414021   63.93000
   0.413062   0.416506   46.01000
   0.425000   0.425075   33.83000
   0.391203   0.391766   59.06000
   0.396024   0.392111   43.64000
   0.403830   0.397434   33.11000
   0.363325   0.330724   34.85000
   0.365757   0.325757   24.69000
   0.373484   0.323131  10.240000
   0.341711   0.310942   31.97000
   0.348404   0.296495   9.870000
   0.488953   0.444744   63.21000
   0.484762   0.434492   46.16000
   0.442019   0.402556   46.06000
   0.456443   0.405344   33.92000
   0.397414   0.361077   59.86000
   0.410455   0.361835   32.92000
   0.456653   0.366848   11.00000
   0.397061   0.349733   63.36000
   0.407523   0.346162   36.87000
   0.419061   0.340189   25.70000
   0.429096   0.340140  10.420000
   0.388001   0.321269   35.16000
   0.391018   0.315509   25.11000
   0.404182   0.315014   9.970000
   0.486332   0.421562   61.08000
   0.470555   0.405872   60.70000
   0.488430   0.404769   45.02000
   0.500944   0.408536   32.86000
   0.436152   0.371781   59.53000
   0.454277   0.369533   42.24000
   0.460898   0.372263   32.34000
   0.490291   0.376959   26.74000
   0.479952   0.352713   11.33000
   0.420538   0.312278   24.22000
   0.463749   0.341018   30.68000
   0.486870   0.334495   12.87000
   0.444411   0.324543   30.97000
   0.533144   0.395409   37.11000
   0.520717   0.380270   36.55000
   0.537092   0.368736   24.62000
   0.500761   0.362743   36.08000
   0.516133   0.362952   25.38000
   0.524403   0.346328   19.50000
   0.561167   0.357502   24.34000
   0.546783   0.347616   23.64000
   0.515814   0.335926   23.90000
   0.485353   0.319860   23.63000
