# Data from
#
# Klaus Witt,
# Geometric relations between scales of small colour differences,
# Color Research and Application, Volume 24, Issue 2, April 1999, Pages 78–92,
# <https://doi.org/10.1002/(SICI)1520-6378(199904)24:2<78::AID-COL3>3.0.CO;2-M>.
#
# TABLE A-II. Visual scales on sample pairs: scale value 2=0.88\delta{L*} of
# grey scale. mean = average for all observers; sigma = standard deviation.
#
# Pair: No., No.;
# Yellow: mean, sigma;
# Grey: mean, sigma;
# Green: mean, sigma;
# Red: mean, sigma;
# Blue: mean, sigma;
#
0  1   1.33 0.504  1.81 0.487  0.69 0.375  0.57 0.468  0.58 0.383
0  2   2.01 0.544  2.27 0.544  0.97 0.414  1.13 0.496  0.77 0.408
0  3   2.63 0.745  3.38 0.727  1.13 0.507  1.90 0.621  0.84 0.353
0  4   3.49 0.686  3.47 0.703  1.37 0.588  2.28 0.663  1.20 0.487
0  5   4.05 0.759  4.55 0.891  1.73 0.618  2.66 0.774  1.36 0.472
0  6   1.47 0.568  1.59 0.510  0.75 0.425  0.88 0.478  0.63 0.308
0  7   2.57 0.437  1.89 0.620  0.86 0.494  1.23 0.495  0.88 0.435
0  8   3.39 0.695  3.01 0.809  1.04 0.423  1.56 0.503  0.96 0.444
0  9   3.82 0.611  3.65 0.629  1.43 0.616  2.22 0.630  1.09 0.454
0  10  4.25 0.643  4.10 0.770  1.84 0.711  2.60 0.709  1.42 0.507
1  6   1.87 0.490  2.35 0.665  0.84 0.401  1.42 0.521  0.80 0.411
2  7   3.99 0.810  3.34 0.683  1.33 0.440  2.10 0.554  1.46 0.589
3  8   4.99 0.931  4.86 1.031  1.98 0.687  2.97 0.922  1.64 0.547
4  9   6.11 0.900  5.57 1.183  2.77 0.753  3.59 0.913  1.95 0.614
5  10  6.49 1.000  6.51 1.548  3.00 0.900  4.45 0.974  2.59 0.928
0  11  1.67 0.793  2.20 0.427  0.87 0.505  0.79 0.399  0.48 0.372
0  12  2.36 0.665  2.74 0.639  1.01 0.454  1.37 0.611  0.68 0.387
0  13  2.87 0.680  3.20 0.558  1.29 0.604  1.49 0.576  1.10 0.426
0  14  3.81 0.774  3.84 0.617  1.73 0.664  2.02 0.581  1.07 0.501
0  15  4.23 0.800  4.61 0.840  1.92 0.709  2.39 0.579  1.57 0.607
0  16  1.51 0.727  1.31 0.487  0.76 0.376  0.55 0.395  0.63 0.355
0  17  2.89 0.751  2.47 0.549  1.04 0.447  1.22 0.575  0.75 0.364
0  18  3.35 0.716  3.06 0.624  1.20 0.580  1.55 0.501  0.94 0.481
0  19  4.03 0.798  3.56 0.708  1.59 0.522  1.85 0.495  1.19 0.454
0  20  4.67 1.054  4.42 0.714  1.88 0.653  2.21 0.634  1.30 0.577
11 16  2.32 0.696  2.64 0.534  0.93 0.421  1.19 0.605  0.79 0.347
12 17  3.81 0.728  4.02 0.866  1.53 0.747  2.02 0.699  1.20 0.496
13 18  5.25 0.943  4.65 0.959  2.05 0.727  2.49 0.777  1.57 0.645
14 19  5.97 1.419  5.15 0.884  2.84 0.816  3.27 0.892  1.91 0.670
15 20  7.22 1.461  6.17 1.210  3.19 0.857  3.76 1.106  2.36 0.905
0  21  1.30 0.602  1.74 0.556  1.28 0.520  0.85 0.394  0.60 0.414
0  22  2.11 0.702  2.31 0.726  1.23 0.509  1.40 0.517  1.01 0.404
0  23  2.88 0.696  2.74 0.848  2.69 0.828  2.12 0.679  1.05 0.364
0  24  3.65 0.869  3.65 1.023  0.99 0.449  2.39 0.690  1.89 0.549
0  25  4.55 1.052  4.45 0.868  1.05 0.462  2.83 0.676  2.10 0.596
0  26  1.16 0.610  1.49 0.685  2.32 0.620  0.74 0.487  0.60 0.392
0  27  1.36 0.585  1.95 0.646  2.70 0.769  1.25 0.542  1.28 0.452
0  28  1.93 0.608  2.30 0.649  3.70 0.835  1.92 0.546  1.63 0.547
0  29  2.51 0.641  2.92 0.770              2.40 0.611  2.02 0.569
0  30  3.36 0.724  3.75 1.020              2.78 0.765  2.29 0.700
21 24                          1.63 0.610
21 26  1.31 0.635  2.10 0.645  3.04 0.772  1.47 0.481  0.92 0.372
22 27  2.87 0.689  3.49 0.937              2.15 0.649  1.97 0.483
22 28                          4.29 1.002
23 26                          4.41 1.000
23 28  4.28 0.976  4.45 1.053              3.23 0.716  2.31 0.616
24 29  5.49 1.300  5.44 1.059              4.02 0.946  3.41 0.773
25 30  7.00 1.229  6.96 1.830              4.77 0.890  3.67 0.724
1  11  1.57 0.536  2.21 0.662  0.72 0.412  0.86 0.403  0.66 0.390
2  12  2.30 0.553  3.18 0.610  1.07 0.425  1.50 0.611  0.97 0.455
3  13  2.85 0.583  3.57 0.680  1.63 0.559  2.01 0.755  1.39 0.539
4  14  4.43 0.770  4.48 0.758  2.19 0.742  2.51 0.863  1.62 0.533
5  15  4.99 0.875  5.37 1.032  2.40 0.741  2.90 0.930  2.19 0.746
6  16  1.55 0.742  1.85 0.672  0.67 0.402  0.85 0.479  0.61 0.388
7  17  3.16 0.770  2.76 0.665  1.21 0.492  1.53 0.590  1.43 0.520
8  18  4.01 0.863  3.40 0.644  1.45 0.529  1.87 0.613  1.50 0.607
9  19  4.92 0.967  4.36 0.725  2.22 0.719  2.30 0.645  1.78 0.712
10 20  5.66 0.951  5.28 1.091  2.46 0.777  2.59 0.767  2.08 0.724
1  16  1.65 0.658  1.79 0.505  0.81 0.493  0.94 0.430  0.73 0.388
2  17  2.95 0.641  3.26 0.697  1.16 0.458  1.59 0.558  0.92 0.338
3  18  4.10 0.975  4.28 0.944  1.38 0.486  2.25 0.722  1.06 0.485
4  19  4.88 0.964  4.79 0.864  1.76 0.742  2.88 0.941  1.41 0.522
5  20  5.68 1.118  5.81 1.157  2.25 0.770  3.50 0.941  1.51 0.587
6  11  1.77 0.580  2.53 0.596  0.90 0.390  1.16 0.500  0.74 0.374
7  12  2.93 0.703  3.52 0.691  1.15 0.505  1.75 0.502  0.98 0.416
8  13  3.83 0.791  4.36 0.813  1.47 0.587  2.25 0.699  1.15 0.549
9  14  4.24 0.736  5.00 1.101  2.06 0.649  3.06 0.812  1.28 0.635
10 15  4.83 0.937  5.33 1.078  2.53 0.679  3.66 0.938  1.74 0.756
1  21  1.67 0.751  1.96 0.593              0.76 0.405  0.63 0.399
2  22  3.52 0.911  2.83 0.879
2  23                          2.60 0.647
2  25                          1.64 0.573
2  27                          3.24 0.715
3  22                                                  1.02 0.418
3  23  5.17 1.091  4.00 0.787              2.13 0.744
4  24  6.34 1.319  4.21 0.917
4  27                          3.49 0.990
5  25  7.54 1.525  5.78 1.075              3.02 0.883  2.17 0.719
7  25                          1.37 0.551
7  27                          3.16 0.842  1.01 0.334  1.09 0.453
1  26  1.55 0.762  1.39 0.535              1.31 0.470  0.77 0.394
2  27  2.36 0.678  2.67 0.581
3  28  3.45 1.068  3.42 0.748              2.76 0.75  1.96 0.550
4  29  4.78 1.228  3.97 0.799
5  30  5.60 1.566  5.17 0.977              4.37 0.892  2.79 0.685
7  22                                      2.02 0.550  1.57 0.512
8  23                          3.06 0.747
9  24  5.11 1.535  4.54 0.806              3.59 0.786  2.40 0.745
9  27                          2.99 0.795
9  29  5.74 1.271  4.35 0.945              2.33 0.691  1.96 0.455
12 22                                      1.86 0.615  1.44 0.441
12 27                          3.17 0.799  1.72 0.664  1.19 0.402
13 23                          3.02 0.684
13 25                          1.43 0.536
14 24                                      2.78 0.747  2.28 0.586
14 29                                      3.18 0.796  2.03 0.647
15 23                          3.25 0.886
16 21  1.89 0.803  1.92 0.665              1.08 0.537  0.64 0.407
17 22  3.41 0.940  3.10 0.737
17 25                          1.65 0.505
18 22                                                  1.00 0.368
18 23  4.83 1.047  3.36 0.819  2.86 0.857  2.71 0.660
19 23                          2.96 0.894
16 26  1.99 0.786  1.50 0.526              0.66 0.308  0.74 0.323
17 27  2.76 0.528  2.77 0.667  3.45 0.732
18 28  3.99 0.837  3.53 0.560              2.11 0.613  2.06 0.499
20 25  7.35 1.902  5.81 1.031              3.78 0.875  2.41 0.505
20 30  6.44 1.347  5.18 1.008              3.20 0.840  2.80 0.708
